day 2 eff training
rearing (l), nosepoking (p) and grooming (k) rated for 32 minutes
2 min. acclimation and 30 min. session

rat#105

1   15452	   16524	l
2   18687	   21161	l
3   25527	   28231	p
4   41239	   42271	l
5   45636	   47298	k
6   51274	   53357	l
7   71994	   75158	l
8   79855	   80956	k
9   88297	   88868	l
10   98572	   102507	l
11   104961	   110819	k
12   949135	   954262	k
13   1057310	   1063960	p
14   1100813	   1101604	p
15   1104558	   1106922	p
16   1147771	   1148612	l
17   1153198	   1153959	p
18   1193376	   1197432	l
19   1212263	   1213155	l
20   1216399	   1216900	l
21   1223590	   1228707	p
22   1232402	   1238070	k
23   1238501	   1239382	k
24   1309403	   1310965	l
25   1323313	   1324845	l
26   1332586	   1335731	l
27   1353847	   1355589	p
28   1356190	   1368077	p
29   1377331	   1379844	l
30   1417909	   1419151	l
31   1448663	   1456865	l
32   1461732	   1472748	k
33   1506707	   1513787	l
34   1516681	   1517662	l
35   1520026	   1524472	l
36   1528258	   1535007	l
37   1539644	   1551801	p
38   1556098	   1561515	l
39   1562527	   1563348	p
40   1566493	   1568085	l
41   1602464	   1603446	k
42   1606029	   1607181	l
43   1618097	   1618768	l
44   1619409	   1621702	l
45   1627420	   1639838	k
46   1641500	   1641841	l
47   1672846	   1679145	p
48   1682630	   1689519	p
49   1694016	   1700525	l
50   1720134	   1721385	l
51   1730739	   1731079	l
53   1763456	   1767742	l
54   1792918	   1795692	l
55   1796383	   1798416	l
56   1799698	   1800159	l
57   1802101	   1803053	l
58   1811765	   1814159	p
59   1817904	   1819196	p
60   1819426	   1822701	l
61   1835580	   1840166	l
62   1842279	   1847036	l
63   1853916	   1859854	l
64   1879653	   1880945	l

rat#107

1   21020	   24535	l
2   34720	   35551	l
3   37845	   38115	l
4   69150	   70492	l
5   75809	   76420	l
6   98832	   99403	l
7   590970	   594084	p
8   600624	   602557	p
9   648863	   650646	p
10   662222	   663414	p
11   781915	   786631	k
12   832998	   834801	p
13   873757	   875499	l
14   875810	   876561	p
15   912803	   913414	p
16   918321	   918861	p
17   985087	   986098	l
18   1007990	   1009922	l
19   1019556	   1021699	l
20   1043370	   1044903	l
21   1053815	   1054717	l
22   1055768	   1056379	p
23   1060325	   1067826	p
24   1091279	   1092972	l
25   1107483	   1108394	l
26   1136324	   1139449	l
27   1160038	   1160789	p
28   1192325	   1194568	p
29   1203491	   1204943	l
30   1205133	   1205974	p
31   1254103	   1254855	l
32   1257118	   1258991	l
33   1266571	   1267803	l
34   1269546	   1274343	l
35   1339777	   1340147	p
36   1348910	   1351213	l
37   1373105	   1377531	l
38   1377781	   1380225	p
39   1386274	   1386764	l
40   1387215	   1388066	k
41   1405291	   1406623	l
42   1418270	   1420172	l
43   1427513	   1428424	l
44   1451257	   1452949	k
45   1455874	   1456825	k
46   1457706	   1459719	k
47   1459949	   1461572	p
48   1463645	   1478126	k
49   1489021	   1495160	p
50   1495481	   1498004	p
51   1499607	   1502120	l
52   1527176	   1533285	l
53   1534677	   1536630	l
54   1537972	   1540686	l
55   1546023	   1547055	l
56   1557920	   1558982	l
57   1563839	   1565822	l
58   1578951	   1580583	l
59   1583277	   1583808	p
60   1605268	   1610316	l
61   1612509	   1614041	l
62   1615393	   1615924	l
63   1617877	   1618938	l
64   1626078	   1626519	p
65   1629543	   1633529	p
66   1689560	   1692304	l
67   1692854	   1693375	p
69   1702048	   1702889	l
70   1703570	   1715116	k
71   1727735	   1729968	l
72   1763346	   1767161	l
73   1776495	   1779239	l
74   1785998	   1793249	l
75   1806478	   1807059	l
76   1811665	   1813017	k
77   1825425	   1828349	l
78   1863500	   1874816	k
79   1878171	   1882197	l
80   1882757	   1886483	p
81   1908705	   1910177	l
82   1910788	   1914002	l

rat#119

1   4607	   8262	p
2   14751	   15973	l
3   18787	   20730	l
4   74938	   77922	l
5   95367	   101296	p
6   113884	   116658	l
7   420675	   423389	p
8   438891	   440063	l
9   448285	   450898	l
10   456957	   459110	l
11   475414	   475995	p
12   476916	   477807	p
13   488242	   490826	l
14   493279	   496113	p
15   511385	   513518	l
16   534098	   539636	l
17   560266	   560656	p
18   563891	   566294	l
19   591491	   592432	p
20   594014	   602797	p
21   624748	   628714	p
22   635464	   636275	p
23   640000	   645598	l
24   652608	   674179	p
25   680789	   684314	l
26   694429	   700277	l
27   704924	   707788	l
28   719214	   722779	l
29   737691	   745432	l
30   745652	   749267	p
31   750569	   754024	l
32   803515	   804216	p
33   805178	   811958	l
34   814832	   816775	l
35   819829	   821621	l
36   822853	   825237	l
37   825818	   828171	l
38   828982	   831786	l
39   833358	   834440	l
40   835171	   836713	l
41   838896	   841039	l
42   841690	   842131	l
43   845846	   855260	p
44   876691	   880256	l
45   882920	   884422	l
46   909288	   911130	l
47   911581	   915366	l
48   917960	   920153	l
49   921245	   921806	p
50   923298	   924409	l
51   926042	   929346	l
52   945329	   949515	l
53   954002	   957026	l
54   959670	   969955	l
55   975943	   978217	l
56   982653	   985026	l
57   996293	   997394	l
58   1006037	   1010623	l
59   1017563	   1021018	l
60   1025364	   1031443	l
61   1062338	   1063199	p
62   1063770	   1080223	p
63   1081946	   1085030	l
64   1085591	   1095155	p
65   1136865	   1142773	l
66   1144646	   1147770	l
67   1163353	   1170633	l
68   1198163	   1199405	l
69   1210170	   1213745	l
70   1223760	   1223890	p
71   1226143	   1239773	k
72   1240334	   1242366	l
73   1247924	   1249497	l
74   1250819	   1251590	l
75   1255245	   1259812	l
76   1261704	   1272310	l
77   1276095	   1281182	l
78   1307470	   1310174	l
79   1311055	   1318176	p
80   1323253	   1323804	l
81   1325136	   1325696	p
82   1327849	   1329662	l
83   1329882	   1334870	p
84   1335981	   1337333	l
85   1452749	   1456474	l
86   1462673	   1470835	k
87   1509461	   1512084	l
88   1513326	   1514378	p
89   1537491	   1541457	l
90   1600672	   1603295	l
91   1625277	   1627881	l
92   1632928	   1633359	l
93   1634150	   1638246	l
94   1647409	   1651775	l
95   1655741	   1660468	l
96   1663202	   1664884	l
97   1665505	   1665855	p
98   1666937	   1677913	p
99   1678273	   1681278	l
100   1682920	   1704130	k
101   1704671	   1732321	k
102   1736537	   1747072	k
103   1767562	   1775844	k
104   1778027	   1780390	l
105   1781281	   1782393	l
106   1789834	   1793839	l
107   1800549	   1808721	l
108   1810694	   1812657	p
110   1872162	   1882377	p
111   1919160	   1920001	p

rat#117

1   7161	   8322	l
2   17175	   18937	p
3   22052	   22983	l
4   31155	   32046	l
5   38466	   39817	l
6   46858	   48129	l
7   59786	   61419	l
8   70822	   72785	l
9   84051	   92103	p
10   107254	   109928	l
11   886535	   891542	p
12   955254	   958679	l
13   959981	   961633	p
14   992287	   992557	p
15   1009332	   1028339	k
16   1047737	   1049529	k
17   1207697	   1212454	l
18   1222728	   1223940	p
19   1286440	   1288763	l
20   1301832	   1305918	l
21   1367967	   1370321	l
22   1373936	   1378943	l
23   1432150	   1434984	l
24   1560624	   1563318	l
25   1566843	   1569137	l
26   1579562	   1596626	k
27   1619249	   1621922	l
28   1632868	   1635632	l
29   1646127	   1659637	p
30   1663202	   1664063	l
31   1682399	   1686025	p
32   1689630	   1703670	p
33   1726232	   1730238	l
34   1741274	   1741655	p
35   1763135	   1767261	l
36   1830002	   1834718	l
37   1841298	   1845754	l
38   1864251	   1867516	l
39   1913061	   1920161	p

rat#120

1   17535	   19608	l
2   45095	   47198	l
3   48199	   48880	l
4   62680	   64062	l
5   77892	   81758	p
6   90140	   95497	p
7   100174	   101856	l
8   115496	   116608	l
9   254997	   256108	p
10   268746	   270229	p
11   458519	   462365	l
12   520008	   525646	k
13   540147	   541519	l
14   584450	   585792	p
15   587545	   594705	p
16   608886	   609937	l
17   643585	   647100	l
18   658066	   659719	p
19   670084	   679968	p
20   684464	   693297	p
21   714137	   714738	l
22   779301	   780242	p
23   781954	   783196	l
24   784839	   785760	l
25   790607	   791859	l
26   799179	   799810	l
27   803816	   804927	l
28   805508	   806009	p
29   812098	   813099	l
30   855310	   857032	p
31   927063	   930228	l
32   938099	   938920	l
33   959740	   963375	l
34   1012816	   1013577	l
35   1029831	   1033266	l
36   1038423	   1039014	p
37   1040346	   1040817	p
38   1082276	   1084970	l
39   1105009	   1108864	k
40   1110547	   1117807	p
41   1120091	   1122174	l
42   1126239	   1128753	p
43   1135252	   1137365	l
44   1147210	   1151596	l
45   1153809	   1156102	l
46   1156773	   1159297	l
47   1189781	   1192114	l
48   1196080	   1196661	l
49   1207887	   1209519	l
50   1210370	   1210801	l
51   1214356	   1216039	l
52   1216369	   1217441	l
53   1223660	   1224681	l
54   1225212	   1228326	p
55   1231240	   1241345	p
56   1244069	   1245912	l
57   1247103	   1249166	p
58   1287842	   1291908	l
59   1312597	   1313278	p
60   1335360	   1337283	l
61   1344133	   1347137	l
62   1347888	   1349000	l
63   1354297	   1356460	l
64   1359365	   1360636	l
65   1361227	   1362329	l
66   1367106	   1368838	l
67   1369429	   1371122	l
68   1375288	   1375678	p
69   1380014	   1380685	p
70   1391150	   1391952	l
72   1399993	   1412431	k
73   1431288	   1432089	l
74   1434963	   1440852	l
75   1444627	   1452579	l
76   1454021	   1455553	k
77   1467260	   1468091	l
78   1489592	   1490473	l
79   1498244	   1501369	l
80   1502240	   1505595	l
81   1506316	   1509871	l
82   1512895	   1514157	l
83   1516811	   1531502	p
84   1533094	   1535007	p
85   1537661	   1539964	l
86   1540655	   1541637	l
87   1561155	   1563518	l
88   1563809	   1564990	l
89   1565461	   1567544	l
90   1568636	   1569857	l
91   1570578	   1572081	l
92   1581374	   1583207	l
93   1584008	   1585189	l
94   1588584	   1589456	l
95   1591779	   1592270	l
96   1592630	   1594222	l
97   1596946	   1598428	p
98   1605078	   1608793	l
99   1609204	   1609584	p
100   1643683	   1645636	l
101   1648360	   1651014	l
102   1652015	   1655330	l
103   1656242	   1659086	l
104   1661179	   1669841	l
105   1678313	   1679415	p
106   1690831	   1691392	l
107   1753101	   1755084	l
108   1773660	   1787851	p
109   1790194	   1791766	l
110   1792918	   1807349	p
111   1807840	   1812246	p
112   1814209	   1816933	l
113   1817734	   1818976	l
114   1819606	   1820688	l
115   1821099	   1824544	l
116   1830392	   1831333	p
117   1832435	   1835960	l
118   1836491	   1839455	l
119   1840036	   1841208	l
120   1846385	   1848838	l
121   1849309	   1854116	l
122   1855568	   1856570	l
123   1858582	   1862758	l
124   1863269	   1865282	l
125   1875737	   1880494	l
126   1884319	   1884840	p

rat#116

1   25016	   31355	p
2   35521	   35842	p
3   40558	   41590	p
4   43302	   45726	l
5   77722	   79034	l
6   89749	   94175	p
7   102047	   102628	p
8   103048	   104661	l
9   114124	   115716	l
10   673569	   675982	p
11   1057551	   1060515	p
12   1075276	   1076308	p
13   1156964	   1158556	l
14   1186166	   1187387	p
15   1223720	   1228997	p
16   1236808	   1238371	p
17   1239522	   1240173	l
18   1265800	   1267042	k
19   1270978	   1276546	k
20   1277607	   1281793	p
21   1286350	   1291918	p
22   1310204	   1311576	p
23   1328190	   1331795	p
24   1427122	   1431769	p
25   1445769	   1446550	p
26   1479437	   1480018	p
27   1617926	   1622793	p
28   1649512	   1660237	p
29   1684733	   1687466	p
30   1739261	   1740262	p
31   1741164	   1744529	p
32   1774502	   1775493	p
33   1792397	   1793619	p
34   1826336	   1828670	p
35   1873304	   1873955	p
36   1906021	   1908925	l
37   1909906	   1911018	l

rat#118

1   12658	   16334	l
2   20800	   22593	l
3   23183	   29442	p
4   41850	   42421	l
5   76871	   78984	l
6   963536	   965168	p
7   968272	   971197	p
8   985167	   987640	l
9   1007779	   1013858	l
10   1019716	   1022851	l
11   1025154	   1026246	l
12   1028369	   1028779	p
13   1029180	   1039194	p
14   1041057	   1042008	p
15   1076478	   1077299	p
16   1078160	   1079552	p
17   1083819	   1086132	l
18   1090699	   1100032	k
19   1108394	   1111028	l
20   1116446	   1117717	l
21   1135233	   1137896	l
22   1143364	   1145577	l
23   1153238	   1155782	p
24   1156603	   1163393	p
25   1252972	   1253593	p
26   1255626	   1258920	l
27   1324054	   1324595	p
28   1330734	   1333568	l
29   1383209	   1384561	l
30   1396769	   1401465	l
31   1404800	   1407835	l
32   1414304	   1414955	p
33   1417739	   1422436	p
34   1424278	   1434473	p
35   1469563	   1471776	l
36   1495060	   1497123	l
37   1509581	   1514768	l
38   1536149	   1537080	l
39   1548917	   1551862	l
40   1552182	   1561606	p
41   1587803	   1591008	l
42   1614402	   1616585	l
43   1623304	   1625728	l
44   1636103	   1639488	l
45   1639838	   1651315	p
46   1652506	   1669300	p
47   1672665	   1680847	p
48   1761804	   1762244	p
49   1762675	   1766420	l
50   1786719	   1788822	l
51   1828129	   1830893	l
52   1888416	   1889617	l
53   1891620	   1899782	p
54   1903067	   1907463	l
55   1912410	   1913111	l
56   1914303	   1916175	l
57   1918058	   1920872	l

rat#122

1   9223	   15933	p
2   31996	   33989	l
3   35020	   35631	p
4   35882	   38305	l
5   42852	   44043	l
6   44184	   44955	p
7   50623	   52676	l
8   54889	   56702	l
9   59996	   60407	l
10   62009	   62540	l
11   66376	   70902	p
12   71313	   75689	l
13   81057	   82218	l
14   85403	   89098	l
15   93505	   93865	p
16   103529	   104290	p
17   105492	   110068	p
18   116408	   116678	l
19   117850	   118871	k
20   119512	   120103	l
21   164407	   165098	p
22   190224	   194430	p
23   237732	   238022	p
24   314102	   314602	p
25   367559	   372756	k
26   374569	   381098	p
27   399344	   400867	p
28   401768	   404732	l
29   412013	   413905	p
30   467623	   472109	p
31   504676	   506208	p
32   521600	   522441	p
33   559334	   562379	l
34   580635	   582167	p
35   584310	   585152	p
36   586213	   587635	p
37   610438	   611079	p
38   640671	   641573	p
39   644206	   645438	p
40   654041	   660139	p
41   678195	   678936	p
42   689121	   689872	p
43   691144	   694719	p
44   713015	   713446	p
45   775826	   776346	p
46   785450	   786161	p
47   813820	   820370	l
48   825768	   829843	l
49   855310	   858595	l
50   901707	   904100	l
51   931610	   932201	p
52   932411	   936397	l
53   947222	   948444	l
54   954733	   958178	l
55   979459	   1004194	k
56   1011334	   1015751	p
57   1020127	   1023151	p
58   1029731	   1034347	l
59   1066023	   1071371	l
60   1087734	   1090899	l
61   1101304	   1102045	l
62   1102996	   1103817	p
63   1144205	   1145257	l
64   1171044	   1172666	p
65   1221977	   1222578	l
66   1227285	   1231201	l
67   1252091	   1253543	l
68   1266822	   1268925	l
69   1292649	   1294451	p
70   1296735	   1301712	p
71   1306188	   1309994	l
72   1311035	   1318546	p
73   1349160	   1350913	l
74   1373265	   1375178	p
75   1433231	   1434943	p
76   1441002	   1447662	l
77   1452819	   1455092	l
78   1471146	   1472888	l
79   1488100	   1488651	l
80   1489232	   1493808	p
82   1545502	   1545903	p
83   1549979	   1551822	p
85   1573983	   1574975	l
86   1582055	   1588074	l
87   1602685	   1603826	l
88   1615423	   1618688	l
89   1661599	   1661910	l
90   1663372	   1664293	p
91   1667448	   1670893	p
92   1674868	   1683811	p
93   1686285	   1688959	l
94   1689289	   1693405	p
95   1696650	   1700295	p
96   1761713	   1767692	l
97   1769094	   1773440	l
98   1788882	   1792928	l
99   1794991	   1799277	l
100   1805046	   1809993	l
101   1826667	   1828930	k
102   1831273	   1867505	k
103   1899532	   1910187	l

rat#121

1   9383	   10885	l
2   21090	   23283	l
3   25757	   26999	l
4   37163	   39156	l
5   43232	   44934	l
6   61218	   64593	l
7   65885	   69570	p
8   79554	   81207	l
9   88157	   91481	l
10   95547	   98622	p
11   113683	   115396	l
12   118020	   118851	p
13   155754	   157036	p
14   158398	   160671	l
15   166279	   167080	k
16   178837	   181080	l
17   182352	   184685	p
18   225855	   228769	l
19   251101	   251832	l
20   258111	   259082	l
21   268316	   271831	p
22   277038	   278260	l
23   311418	   311958	p
24   334130	   337816	l
25   365505	   373106	l
26   383241	   385184	p
27   386095	   390982	p
28   395168	   402579	p
29   430919	   434455	p
30   438070	   439522	l
31   454543	   460632	l
32   460822	   461253	p
33   467252	   468914	l
34   474162	   474602	l
35   478338	   478748	p
36   490896	   492768	l
37   494952	   502332	l
38   505947	   507269	l
39   523733	   525455	l
40   525756	   526287	p
41   568607	   576579	p
42   584620	   585111	p
43   587414	   588766	l
44   589397	   593023	l
45   615795	   624298	p
46   644967	   656514	p
47   659458	   662372	p
48   663314	   664575	l
49   668241	   671005	l
50   676092	   681189	l
51   693417	   694088	p
52   694528	   695580	l
53   726254	   734726	p
54   735778	   736309	l
55   739984	   741516	l
56   742347	   744000	l
57   756848	   758781	l
58   759772	   762356	l
59   762977	   764289	l
60   768585	   773051	l
61   778970	   782535	l
62   849521	   850893	p
63   859936	   861789	l
64   865564	   868248	l
65   870492	   872715	l
66   875308	   878423	l
67   880596	   880896	p
68   892393	   896879	l
69   917649	   932731	l
70   933011	   936076	p
71   936887	   940813	l
72   941213	   942866	l
73   947082	   948233	l
74   951107	   953571	l
75   957346	   958909	l
76   967571	   972488	l
77   982092	   982713	l
78   986428	   986909	l
79   987740	   988792	l
80   998165	   1003673	l
81   1029911	   1031052	l
82   1051422	   1053445	l
83   1065993	   1066764	p
84   1069247	   1070499	l
85   1077699	   1081405	l
86   1145307	   1151115	l
87   1171354	   1172796	l
88   1177493	   1182971	l
89   1194357	   1203921	l
90   1216108	   1219754	l
91   1221566	   1223329	l
92   1234595	   1245861	p
93   1249897	   1251149	k
94   1272470	   1273831	l
95   1275053	   1275484	p
96   1281042	   1283345	k
97   1289424	   1292588	l
98   1317384	   1321109	k
99   1321981	   1323202	l
100   1328550	   1331464	l
101   1337293	   1340718	l
102   1345855	   1347237	l
103   1349230	   1351213	l
104   1351583	   1352815	l
105   1353576	   1364262	k
106   1383099	   1400283	p
107   1403208	   1445188	p
108   1448292	   1454031	l
109   1459258	   1472317	l
110   1479798	   1497533	k
111   1498625	   1505835	k
112   1507237	   1508950	p
113   1509761	   1514377	p
114   1514968	   1516280	l
115   1517231	   1517762	p
116   1525614	   1528928	l
117   1586291	   1589445	l
118   1596546	   1597016	p
119   1597677	   1602324	k
120   1610556	   1614151	l
121   1615132	   1617696	l
122   1619318	   1624486	l
123   1626559	   1631646	l
124   1636273	   1648480	p
125   1649952	   1651124	l
126   1651625	   1653848	l
127   1654769	   1656962	k
128   1665495	   1668028	p
129   1688037	   1692994	l
130   1695678	   1697260	l
131   1797935	   1805686	l
132   1824323	   1826276	l
133   1827117	   1829490	l
134   1837141	   1840606	k
135   1854136	   1858432	l
136   1862248	   1867966	l
137   1871090	   1871731	p
138   1880774	   1884089	l
139   1885421	   1888545	l
140   1891590	   1895726	l
141   1911609	   1913181	l
142   1914623	   1915845	l
143   1919230	   1920982	l

rat#113

1   37624	   39757	l
2   67317	   70551	p
3   78102	   79304	l
4   87466	   89118	l
5   90059	   90410	p
6   94566	   97660	l
7   138499	   140402	p
8   520518	   525265	p
9   735608	   737190	p
10   741206	   742097	p
11   745552	   749578	p
12   762576	   762867	p
13   780442	   783987	l
14   798578	   800171	p
15   834880	   838325	p
16   946922	   948924	p
17   957397	   958839	p
18   1011254	   1020477	p
19   1024804	   1025615	p
20   1029791	   1030822	p
21   1086132	   1087854	l
22   1089016	   1091059	l
23   1095545	   1095866	p
24   1096437	   1099130	l
25   1100322	   1101213	p
26   1142483	   1145808	l
27   1162181	   1172396	p
28   1230890	   1233283	l
29   1233834	   1236137	l
30   1251870	   1252481	p
31   1272710	   1277076	l
32   1291126	   1313258	k
33   1445819	   1446340	p
34   1510492	   1512855	p
35   1540315	   1540675	p
36   1561105	   1563118	p
37   1564630	   1570829	p
38   1582165	   1591689	p
39   1631886	   1637434	p
40   1646447	   1652316	p
41   1657173	   1657714	p
42   1659927	   1663262	l
43   1664213	   1664614	p
44   1707565	   1709097	l
45   1711361	   1711781	p
46   1727794	   1729657	p
47   1730298	   1732601	l
48   1759740	   1766170	l
49   1801721	   1803423	l
50   1873233	   1875757	l
51   1920091	   1921092	l

rat#125

1   39968	   40849	l
2   49291	   49511	l
3   57002	   59005	l
4   62941	   67147	p
5   72234	   75529	l
6   90761	   91832	l
7   92613	   93825	l
8   96168	   98342	p
9   454644	   459581	p
10   462896	   465490	p
11   484317	   486400	l
12   493970	   495543	l
13   516613	   528240	l
14   531124	   534869	l
15   571993	   573104	p
16   574476	   578532	p
17   580285	   582788	l
18   587555	   588937	l
19   597449	   599092	l
20   604029	   608475	l
21   611409	   611900	p
22   647501	   649274	k
23   661351	   669313	k
24   670424	   671496	p
25   674600	   677014	k
26   678526	   680359	l
27   691525	   695640	l
29   704683	   707728	p
30   711353	   714548	l
31   715579	   719365	l
32   724812	   727496	l
33   762066	   762567	p
34   764419	   765371	k
35   772741	   777308	l
36   784889	   787282	l
37   808272	   814151	p
38   818908	   821802	l
39   822062	   825287	p
40   840439	   840819	p
41   848270	   852025	l
42   858735	   862661	l
43   873717	   876010	l
44   879996	   890831	l
45   893525	   897661	p
46   898011	   900255	p
47   928886	   936487	l
48   938600	   941314	l
49   948604	   956976	p
50   959690	   962494	p
51   997114	   998105	l
52   999888	   1002001	l
53   1004234	   1006107	l
54   1015761	   1017123	l
55   1017704	   1018645	l
56   1019436	   1020137	l
57   1022050	   1023933	p
58   1024203	   1026326	l
59   1035529	   1036591	l
60   1051823	   1056349	l
61   1058703	   1060495	p
62   1060996	   1063039	l
63   1073944	   1078831	l
64   1092081	   1094374	l
65   1102215	   1102606	l
66   1108594	   1113692	l
67   1114953	   1118889	p
68   1120882	   1121974	k
69   1122564	   1123025	l
70   1128042	   1134461	l
71   1135623	   1138157	l
72   1138597	   1139258	p
73   1145127	   1146168	l
74   1147751	   1158927	k
75   1183552	   1188800	p
76   1189360	   1192445	l
77   1195009	   1196781	l
78   1228036	   1230660	l
79   1236508	   1240173	l
80   1251079	   1256417	l
81   1262225	   1266271	l
82   1266832	   1269906	l
83   1298928	   1299609	p
84   1302353	   1302974	p
85   1305127	   1308121	l
86   1320569	   1326287	l
87   1348249	   1350402	l
88   1368678	   1378352	l
89   1393214	   1394305	l
90   1394786	   1395297	p
91   1396538	   1399152	p
92   1400895	   1403328	l
93   1415476	   1421925	l
94   1424188	   1427353	l
95   1439851	   1443526	l
96   1448473	   1452869	l
97   1460991	   1462764	k
98   1467761	   1470555	l
99   1486398	   1488430	l
100   1502350	   1502971	p
101   1513366	   1535658	p
102   1536650	   1538292	l
103   1538963	   1540395	l
104   1541357	   1548577	p
105   1549398	   1551661	l
106   1554015	   1555367	l
107   1576627	   1577128	p
108   1577589	   1581224	l
109   1596446	   1597818	l
110   1610396	   1611878	l
111   1621532	   1626189	p
112   1626699	   1634250	l
113   1650584	   1653468	l
114   1686916	   1690972	l
115   1699063	   1702789	p
116   1710139	   1718722	p
117   1719232	   1720144	l
118   1721425	   1734274	p
119   1736247	   1736717	l
120   1742646	   1743487	l
121   1760121	   1760752	l
122   1762595	   1790325	k
123   1791326	   1854978	k
124   1871071	   1872683	l
125   1880845	   1884991	k
126   1905190	   1909476	l

rat#115

1   4066	   4907	l
2   5728	   7470	l
3   24966	   25847	p
4   45165	   48509	p
5   49551	   51313	l
6   61678	   67276	l
7   93654	   96518	l
8   102797	   106593	l
9   114374	   116347	p
10   143666	   144638	l
11   179558	   180930	l
12   182262	   185306	p
13   216291	   218955	p
14   407506	   410240	p
15   442726	   448565	p
16   469174	   469805	p
17   483785	   484977	k
18   510424	   514019	l
19   524904	   526196	l
20   535189	   539726	p
21   562679	   563210	p
22   564481	   565553	p
23   566695	   569078	p
24   571271	   574255	p
25   588195	   591270	p
26   623206	   628614	l
27   634392	   634782	l
28   641853	   649393	l
29   673849	   674339	p
30   696962	   698414	p
31   699926	   703962	l
32   737210	   742387	p
33   745672	   746473	l
34   751040	   758040	l
35   768995	   769536	l
36   778920	   781724	l
37   784147	   786360	l
38   789715	   792239	p
39   807210	   810525	l
40   815182	   820149	l
41   820560	   821090	p
42   824696	   825156	p
43   845515	   848790	l
44   855670	   856732	l
45   861348	   864633	l
46   879584	   880486	p
47   880986	   881998	l
48   912061	   913553	l
49   914184	   920623	p
50   921164	   925851	p
51   926462	   939240	p
52   941363	   944648	p
53   946350	   947652	p
54   956535	   960010	l
55   988491	   991105	p
56   995631	   996062	p
57   1011224	   1015290	l
58   1027327	   1029129	l
59   1040496	   1049309	p
60   1050170	   1051912	p
61   1066123	   1067775	l
62   1070679	   1073243	l
63   1113571	   1132989	p
64   1154430	   1159056	k
65   1164855	   1189670	k
66   1190942	   1197231	k
67   1198743	   1228336	k
68   1237679	   1246522	k
69   1261434	   1278799	p
70   1281923	   1286179	p
71   1300580	   1305687	l
72   1307540	   1309853	l
73   1310214	   1315521	l
74   1315692	   1316493	p
75   1322401	   1329381	l
76   1330283	   1333818	l
77   1335710	   1341939	l
78   1352174	   1355148	l
79   1355539	   1359174	l
80   1359845	   1360416	p
81   1365653	   1366955	l
82   1372003	   1374736	l
83   1380825	   1383769	p
84   1402166	   1403137	l
85   1403888	   1406572	l
86   1414173	   1417738	l
87   1419190	   1419831	l
88   1425179	   1426551	p
89   1429705	   1432349	l
90   1476162	   1476903	k
91   1480719	   1482061	l
92   1713093	   1722206	k
93   1724750	   1736116	k
94   1834698	   1920251	k

rat#123

1   11867	   14901	p
2   33438	   35050	l
3   64012	   65484	l
4   67257	   67747	p
5   75949	   76530	p
6   81227	   83029	l
7   90941	   93424	l
8   105522	   105982	l
9   106813	   112371	k
10   119902	   120513	l
11   127613	   129646	l
12   138309	   141994	p
13   154933	   155143	l
14   156355	   157076	l
15   169684	   172969	l
16   179708	   180249	p
17   366847	   383932	k
18   452010	   453071	p
19   455425	   456016	l
20   465920	   467632	l
21   488042	   491967	l
22   493580	   494100	l
23   498437	   498957	l
24   500509	   503544	l
25   515391	   516032	p
26   516843	   517754	l
27   529391	   532175	l
28   538023	   541008	l
29   589387	   590329	l
30   596247	   597138	l
31   597789	   598550	l
32   609496	   611529	l
33   618269	   622235	l
34   626551	   629375	l
35   635874	   636785	p
36   642884	   645328	l
37   660089	   666368	p
38   669823	   671155	p
39   705154	   712114	p
40   730340	   731502	l
41   738041	   738532	p
42   745502	   751721	p
43   769747	   787322	k
44   809233	   812498	l
45   829763	   830394	l
46   830875	   831315	l
47   832397	   832907	l
48   833418	   834470	l
49   836342	   840138	l
50   846357	   849531	l
51   853207	   856842	l
52   876801	   879354	l
53   880906	   882409	l
54   883650	   886174	l
55   898692	   899453	p
56   902508	   908146	p
57   950767	   951929	l
58   987159	   991876	l
59   999177	   1001961	l
60   1019576	   1021489	l
61   1024233	   1029821	l
62   1031974	   1037812	p
63   1039815	   1041167	p
64   1046144	   1047045	l
65   1047877	   1048437	l
66   1051872	   1053935	l
67   1075967	   1077810	l
68   1080574	   1087794	l
69   1094704	   1099931	l
70   1110667	   1112149	l
71   1120571	   1122534	l
72   1122724	   1124076	p
73   1125438	   1127922	p
74   1129274	   1130525	l
75   1130956	   1132819	p
76   1156463	   1158556	l
77   1158806	   1161630	l
78   1171024	   1171604	p
79   1176622	   1184423	p
80   1186866	   1193766	p
81   1197111	   1201327	l
82   1201708	   1202779	p
83   1203150	   1207146	p
84   1207476	   1208087	l
85   1210390	   1211912	l
86   1233073	   1238561	l
87   1254654	   1255125	p
88   1271528	   1272710	p
89   1273010	   1273872	l
90   1294631	   1296093	p
91   1304115	   1306238	l
92   1315742	   1316363	p
93   1331985	   1333878	l
94   1363621	   1365293	l
95   1372894	   1373845	l
96   1374206	   1378652	p
97   1379604	   1381166	l
98   1381787	   1387365	p
99   1391010	   1391751	p
100   1405070	   1409967	p
101   1417788	   1418419	p
102   1446550	   1447071	p
103   1448252	   1456704	p
104   1466028	   1468101	l
105   1470044	   1470604	l
106   1476162	   1476753	p
107   1477534	   1479497	k
108   1485135	   1502520	k
109   1503211	   1504503	l
110   1520877	   1522389	l
112   1537681	   1558130	p
113   1567203	   1568806	k
114   1587382	   1592620	p
115   1612939	   1615222	l
116   1621101	   1622863	l
117   1637404	   1640178	l
118   1642592	   1643223	p
119   1645987	   1648520	p
120   1656632	   1657093	l
121   1684071	   1686475	l
122   1711000	   1711961	p
123   1719282	   1722256	l
124   1734223	   1735435	l
125   1754032	   1754563	l
126   1754613	   1757337	l
127   1771757	   1772989	l
129   1788261	   1808721	p
130   1823932	   1836791	p
131   1852764	   1854146	l
132   1856660	   1858132	l
133   1874836	   1876849	l
134   1877770	   1878261	p
135   1884600	   1887003	l
136   1902746	   1906101	l

Rat#124

***1st 2 min. acclimation***

1   3956	   6770	l
2   17024	   18917	p
3   29833	   32156	l
4   46066	   49381	l
5   55119	   55970	l
6   71072	   73706	l
7   85042	   86544	l
9   98612	   102658	p
10   103889	   105391	l
11   110799	   112181	l

***rating began at 1st CS onset, so add 120000ms to every timepoint before analyzing in sgtemp sheet***

1   6339	   7540	l
2   19247	   21571	l
3   22352	   27920	k
4   31295	   34589	l
5   37544	   41820	l
6   46977	   50322	p
7   59535	   62530	l
8   88547	   90319	p
9   150556	   151998	p
10   182572	   185256	l
11   209210	   210582	p
12   222359	   224182	l
13   229560	   231733	l
14   242048	   245693	l
15   256068	   256579	p
16   257440	   268646	k
17   277979	   280203	p
18   336824	   338566	l
19   346908	   348841	l
20   352296	   356032	l
21   358575	   365876	p
22   367458	   368419	p
23   370192	   371704	p
24   383842	   386455	l
25   395468	   396370	l
26   397171	   398312	l
27   401277	   405933	l
28   410981	   412132	l
29   414065	   415066	l
30   415437	   416929	l
31   434975	   440924	p
32   442135	   442616	p
33   446291	   448264	l
34   453412	   454784	l
35   468493	   471808	l
36   481222	   490595	p
37   521650	   522401	p
38   522912	   526497	k
39   531934	   533667	l
40   546535	   562518	k
41   582537	   583689	l
42   592932	   598430	p
43   613201	   615665	p
44   640741	   644336	l
45   650635	   651216	k
46   671996	   675321	l
47   697993	   702159	p
48   702850	   704322	p
49   710101	   713105	p
50   717892	   723470	k
51   734766	   741065	k
52   750879	   756257	k
53   786661	   789775	l
54   798398	   802113	k
55   803185	   805338	l
56   807341	   809624	l
57   810405	   811406	l
58   812197	   813529	l
59   814941	   817926	l
60   822202	   825016	l
61   826528	   827409	l
62   833779	   835090	l
63   836823	   837955	l
64   839417	   842040	l
65   844454	   845906	l
66   853166	   855209	l
67   869560	   875478	l
68   876530	   878082	p
69   897921	   900825	l
70   902868	   904861	l
71   938469	   940532	p
72   952319	   955574	p
73   959569	   1040115	k
74   1040856	   1042198	l
75   1048357	   1051622	l
76   1083728	   1085490	k
77   1086151	   1086692	p
78   1088655	   1102585	p
79   1113080	   1120311	l
80   1158786	   1161840	l
81   1183572	   1184042	l
82   1250267	   1255365	p
83   1296173	   1310103	k
84   1312537	   1335240	k
85   1337743	   1342079	k
86   1361147	   1362459	l
87   1363831	   1365052	l
88   1370991	   1373064	l
89   1390539	   1397459	l
90   1399802	   1407544	p
91   1447741	   1448202	p
92   1448573	   1449244	p
93   1453009	   1455653	l
94   1482111	   1483703	l
95   1487929	   1488971	k
96   1557059	   1647358	k
97   1649812	   1714174	k
98   1715466	   1716508	p
99   1730889	   1735375	k
100   1748274	   1752209	k
101   1754522	   1756736	k
102   1759900	   1760651	k

rat#127

1   3886	   4647	l
2   31435	   32938	l
3   51865	   52396	p
4   60868	   62510	l
5   67988	   71383	l
6   75389	   77381	l
7   81638	   85693	l
8   98532	   99213	l
9   109037	   110459	l
10   115947	   120213	p
11   163686	   165428	p
12   190925	   191876	p
13   249849	   250460	p
14   317417	   323025	p
15   331947	   332789	p
16   431250	   438471	p
17   452771	   464929	k
18   466030	   468754	k
19   539656	   548759	p
20   556881	   557912	k
21   561908	   562519	l
22   583379	   585402	l
23   591781	   595787	l
24   599632	   603558	l
25   604680	   606402	l
26   610648	   612561	l
27   645468	   649033	p
28   649624	   655373	p
29   657345	   659248	l
30   666378	   669172	l
31   676863	   679948	l
32   694980	   696562	p
33   699506	   701259	l
34   719335	   721848	l
35   732924	   736149	l
36   737380	   738772	l
37   750079	   750880	l
38   766392	   767844	l
39   769427	   783286	p
40   796976	   798979	l
41   802204	   803746	l
42   806850	   813089	k
43   814331	   821562	k
44   824666	   825627	k
45   847939	   848701	p
46   865575	   866526	l
47   920734	   921395	l
48   929427	   932341	l
49   933452	   936276	l
50   938980	   939731	p
51   941624	   944258	k
52   969194	   970516	l
53   972529	   973780	l
54   979298	   980540	l
55   980951	   981852	p
56   985307	   992437	k
57   1015831	   1018695	l
58   1022480	   1026707	l
59   1027387	   1028319	p
60   1041538	   1048738	p
61   1051122	   1068086	p
62   1069949	   1075036	p
63   1086983	   1088295	k
64   1090739	   1102185	k
65   1103196	   1120662	k
66   1122244	   1123055	p
67   1126800	   1128102	p
68   1128523	   1130015	l
69   1130676	   1131167	l
70   1133891	   1134842	l
71   1135623	   1138808	l
72   1156353	   1158726	l
73   1160909	   1165286	k
74   1174309	   1177213	l
75   1179947	   1182861	k
76   1185595	   1191133	k
77   1193166	   1201808	l
78   1202990	   1204983	l
79   1205353	   1209610	p
80   1210811	   1211422	l
81   1211763	   1212824	l
82   1213415	   1214356	l
83   1215568	   1216379	l
84   1218813	   1220495	l
85   1223920	   1226764	k
86   1229718	   1232012	l
87   1234315	   1234776	l
88   1235116	   1235837	l
89   1236038	   1236959	l
90   1237540	   1238651	l
91   1240003	   1240864	l
92   1241716	   1242507	l
93   1243448	   1243989	l
94   1249867	   1251209	l
95   1262255	   1263086	l
96   1263817	   1266261	l
97   1266792	   1267513	l
98   1268344	   1270147	l
99   1272250	   1280842	k
100   1292989	   1295102	l
101   1299859	   1304346	k
102   1332787	   1341559	k
103   1345715	   1346336	p
104   1350132	   1351734	l
105   1352575	   1353727	l
106   1354908	   1355529	l
107   1365363	   1366145	l
108   1366515	   1368067	l
109   1375468	   1377401	l
110   1377681	   1378182	p
111   1379123	   1380145	l
112   1387265	   1390480	p
113   1390660	   1391671	l
114   1394956	   1402267	k
115   1420353	   1420783	l
116   1422416	   1423247	p
117   1426902	   1452769	p
118   1458838	   1459649	l
119   1488491	   1489812	l
120   1491084	   1492226	p
121   1492747	   1493618	l
122   1499707	   1500197	l
123   1501109	   1501770	l
124   1503732	   1506416	l
125   1507638	   1509861	l
126   1512525	   1518384	l
127   1520677	   1521428	l
128   1528588	   1529449	l
129   1532414	   1535979	l
130   1539985	   1543239	l
131   1543710	   1544822	p
132   1548657	   1553063	l
133   1554876	   1562757	k
134   1578109	   1581664	k
135   1643203	   1644986	l
136   1646588	   1653978	k
137   1666066	   1675089	k
138   1680206	   1680947	p
139   1683451	   1687637	k
140   1703129	   1709448	k
141   1711381	   1750177	k
142   1786579	   1793870	k
143   1794270	   1797345	l
144   1808170	   1810423	l
145   1814129	   1816052	l
146   1840457	   1841839	l
147   1843191	   1844122	l
148   1845043	   1848398	p
149   1848648	   1854006	l
150   1854867	   1855699	p
151   1856510	   1867516	p
152   1871782	   1874195	p
153   1888416	   1889437	k
154   1897188	   1899181	l
155   1913351	   1914353	k

rat#114

1   3595	   5217	p
2   13339	   15702	l
3   18256	   20399	l
4   26067	   29141	l
5   38475	   40968	l
6   43242	   44984	p
7   49180	   51413	l
8   51584	   52134	p
9   67487	   68939	l
10   71152	   71993	l
11   77701	   79354	l
12   84461	   87826	p
13   91121	   92222	l
14   92953	   95607	p
15   103228	   105692	l
16   156074	   158477	p
17   212475	   213567	p
18   234817	   243830	k
19   244641	   245322	l
20   246294	   248677	p
21   257039	   257490	l
22   260634	   262016	l
23   267454	   269537	p
24   318367	   318878	l
25   333549	   334290	p
26   338697	   340629	p
27   342121	   344865	l
28   346478	   347129	p
29   382850	   384512	p
30   385053	   386285	l
31   391823	   393015	l
32   400586	   402258	l
33   405813	   409178	l
34   416548	   417940	l
35   418401	   419182	l
36   427745	   438630	p
37   444108	   449596	p
38   461743	   464497	l
39   465649	   466751	l
40   471427	   471908	p
41   472649	   474051	l
42   502112	   505847	l
43   526286	   531724	l
44   551132	   557621	p
45   563650	   575497	p
46   576148	   578131	l
47   613492	   614393	p
48   622475	   629735	k
49   630316	   630807	l
50   637707	   641282	l
51   646389	   649143	l
52   654541	   654611	l
53   658056	   667139	p
54   668240	   668861	p
55   669402	   673188	p
56   679997	   681530	l
57   703091	   705454	l
58   760673	   761555	l
59   770558	   775314	p
60   815422	   817735	l
61   827169	   827640	l
62   832977	   841690	p
63   843422	   844284	l
64   845395	   846617	l
65   851123	   852185	l
66   853777	   855209	l
67   860076	   864402	p
68   865013	   866676	l
69   867507	   869530	l
70   871873	   873756	l
71   874467	   877201	l
72   882288	   883710	l
73   895617	   897340	l
74   897941	   900284	l
75   905472	   906112	l
76   907555	   908125	p
77   908876	   910819	l
78   912011	   913643	l
79   930738	   931168	l
80   936035	   939460	l
81   948744	   950026	l
82   950336	   958708	p
83   960391	   961762	l
84   968372	   970425	l
85   985697	   987179	l
86   994720	   997254	l
87   1006988	   1008900	l
88   1009852	   1020176	p
89   1020527	   1023011	l
90   1024993	   1030842	p
91   1033826	   1034437	l
92   1061786	   1062788	l
93   1063589	   1064640	l
94   1066974	   1076077	p
95   1105499	   1145837	k
96   1146308	   1148651	l
97   1149623	   1152126	l
98   1156252	   1157634	l
99   1158385	   1162982	p
100   1163312	   1164554	l
101   1165315	   1175400	p
102   1175880	   1177222	l
103   1178294	   1194657	p
104   1195318	   1196580	l
105   1205253	   1209769	l
106   1222457	   1223459	l
107   1229658	   1230669	p
108   1234735	   1237128	l
109   1302442	   1304686	k
110   1304936	   1305707	l
111   1306718	   1320018	k
112   1321890	   1325215	k
113   1329251	   1330082	k
114   1330403	   1333247	l
115   1335590	   1342830	p
116   1343521	   1344633	l
117   1354427	   1365643	l
118   1367376	   1382858	l
119   1404549	   1407764	p
120   1407984	   1409867	l
121   1410227	   1412521	p
122   1415435	   1417888	p
123   1480518	   1482091	l
124   1520686	   1521668	l
125   1522008	   1565681	p
126   1574373	   1575315	l
127   1576216	   1578549	l
128   1580572	   1581624	p
129   1581944	   1584448	l
130   1584788	   1585579	p
131   1604807	   1605949	l
132   1610085	   1621050	p
133   1625196	   1632056	k
134   1632908	   1644955	k
135   1645325	   1681527	k
136   1691662	   1703239	l
137   1703599	   1705432	p
138   1705792	   1708166	l
139   1710159	   1711971	l
140   1713013	   1715046	l
141   1715496	   1720423	p
142   1724459	   1728585	l
143   1729126	   1729667	p
144   1738369	   1739992	l
145   1746230	   1749715	l
146   1762133	   1763205	l
147   1764186	   1786478	p
148   1788301	   1790184	l
149   1791686	   1793408	l
150   1801820	   1809421	p
151   1809612	   1812506	l
152   1812866	   1813347	p
153   1825474	   1827978	l
154   1854957	   1855898	l
155   1904628	   1911098	p
156   1919630	   1920311	l

rat#126

1   13280	   14451	l
2   15152	   16074	l
3   30594	   31095	l
4   31816	   32697	p
5   52676	   55711	l
6   62751	   66316	l
7   71073	   71553	l
8   78303	   79094	l
9   87496	   91582	p
10   111431	   114415	l
11   135125	   137378	l
12   152039	   153631	l
13   167962	   172008	l
14   175012	   177185	l
15   236921	   238964	p
16   244142	   244812	l
17   249379	   263479	p
18   316926	   318548	l
19   332619	   335423	k
20   350635	   351576	l
21   352778	   355552	l
22   378054	   383892	p
23   389691	   394017	l
24   414296	   414727	p
25   427886	   432432	l
26   433734	   434465	l
27   443728	   447003	p
28   456447	   458329	l
29   463066	   464488	l
30   485408	   486790	l
31   489194	   502283	p
32   558744	   559615	p
33   570010	   577110	k
34   578172	   579013	k
35   634052	   640922	l
36   677655	   681440	l
37   699486	   699877	l
38   702571	   705865	l
39   709671	   712064	l
40   712775	   715439	l
41   729099	   730481	p
42   731562	   742718	p
43   747035	   750179	p
44   752683	   757570	p
45   768375	   774624	p
46   796696	   803135	l
47   852807	   856332	p
48   864473	   869180	l
49   869671	   871984	p
50   875910	   878684	l
51   892494	   894887	l
52   894957	   895088	l
53   908567	   909668	p
54   914365	   917640	k
55   923058	   927174	k
56   927995	   934064	k
57   936697	   940723	k
58   945620	   948695	l
59   959470	   962915	p
60   964527	   968072	p
61   994480	   1001370	l
62   1009482	   1011805	p
63   1014169	   1016132	l
64   1017764	   1018074	l
65   1024223	   1024744	l
66   1030372	   1032996	l
67   1053846	   1055368	l
68   1071161	   1072883	l
69   1080504	   1081335	k
70   1100823	   1101364	p
71   1112350	   1116656	p
72   1122515	   1130656	p
73   1131718	   1132679	p
74   1135854	   1136855	p
75   1143595	   1148302	l
76   1168360	   1169502	l
77   1184373	   1188389	l
78   1211432	   1214507	l
79   1218523	   1221757	l
80   1269105	   1272370	l
81   1275034	   1276786	l
82   1288433	   1315833	p
83   1320649	   1325426	p
84   1349090	   1349831	l
85   1354969	   1387245	k
86   1388337	   1408826	k
87   1409607	   1453881	k
88   1462994	   1464456	l
89   1481801	   1483854	l
90   1508630	   1509491	p
91   1510733	   1514558	l
92   1515640	   1517883	p
93   1562237	   1565411	l
94   1605189	   1605749	p
95   1609164	   1611167	l
96   1633619	   1635072	l
97   1636363	   1636834	l
98   1637535	   1638226	p
99   1639157	   1641651	l
100   1643103	   1645767	l
101   1646728	   1649132	l
102   1649492	   1650444	l
103   1659427	   1684022	p
104   1696270	   1700005	k
105   1716479	   1718782	l
106   1794831	   1796954	k
107   1836151	   1836541	p
108   1841168	   1855489	p
109   1867596	   1869999	l
110   1878602	   1879914	l
111   1882648	   1921143	k

rat#128

1   14071	   17856	l
2   20820	   24836	p
3   33929	   36883	l
4   42902	   45296	l
5   48260	   49822	l
6   50813	   51585	p
7   72995	   73376	l
8   85613	   86164	p
9   90030	   90611	l
10   98141	   100926	l
11   113614	   114385	p
12   145029	   150036	p
13   160061	   161433	p
14   299852	   302505	p
15   308224	   310156	p
16   342162	   349423	p
17   387347	   391603	p
18   443718	   445441	p
19   472730	   473231	p
20   478548	   480682	p
21   483936	   485418	p
22   500710	   502453	l
23   511937	   512397	p
24   526548	   527909	p
25   554948	   557632	l
26   559435	   561778	l
27   570741	   571562	p
28   573986	   577381	l
29   589879	   592893	l
30   596919	   597990	l
31   620152	   626321	l
32   653300	   653951	p
33   659559	   660170	p
34   674941	   679477	l
35   684244	   685576	l
36   687679	   688621	p
37   693868	   694789	p
38   698124	   701379	l
39   709040	   711694	l
40   732474	   735178	p
41   744150	   748176	p
42   752022	   752502	p
43   761045	   765521	l
44   766643	   767484	p
45   799830	   803786	p
46   805549	   810225	l
47   819769	   820230	p
48   842322	   846468	l
49   855130	   858895	p
50   859366	   862611	l
51   874418	   884302	l
52   889139	   894336	l
53   897932	   899844	p
54   911691	   915116	l
55   927053	   928766	p
56   932571	   933152	l
57   945540	   946061	l
58   951088	   955264	l
59   973660	   974412	l
60   980520	   981071	p
61   988492	   1004875	p
62   1007068	   1008921	p
63   1033747	   1034818	p
64   1084550	   1086172	l
65   1087084	   1102566	p
66   1105500	   1106962	p
67   1115274	   1116316	k
68   1128894	   1129314	p
69   1143675	   1148932	p
70   1149754	   1152337	p
71   1156814	   1159187	l
72   1160109	   1167930	p
73   1220646	   1220896	p
74   1232933	   1233704	p
75   1234656	   1242417	k
76   1243178	   1260463	k
77   1261184	   1267873	k
78   1273251	   1280822	l
79   1285729	   1288022	p
80   1291177	   1297206	l
81   1307831	   1313339	l
82   1316714	   1319948	l
83   1334329	   1344233	p
84   1346046	   1346847	l
85   1347428	   1349451	p
86   1361809	   1367827	l
87   1375448	   1378432	l
88   1389208	   1391301	l
89   1392212	   1395407	p
90   1411220	   1412281	l
91   1426401	   1429526	l
92   1431529	   1432330	p
93   1448383	   1449154	p
94   1451598	   1454111	p
95   1463875	   1464306	p
96   1493137	   1502731	k
97   1511995	   1512916	l
98   1513196	   1514288	p
99   1528128	   1532504	l
101   1552913	   1558802	p
102   1562707	   1566122	k
103   1568986	   1571861	k
105   1572862	   1579201	p
106   1587543	   1589336	l
107   1609645	   1614953	p
108   1615764	   1616585	p
109   1653137	   1660168	l
110   1676381	   1686596	p
111   1689360	   1690782	p
112   1702809	   1704031	k
113   1710450	   1713524	l
114   1720484	   1722297	l
115   1728145	   1733813	l
116   1737749	   1743417	l
117   1747884	   1749756	l
118   1751198	   1753542	l
119   1754473	   1755124	l
120   1760973	   1780871	k
121   1786870	   1796013	k
122   1796794	   1802192	k
123   1811295	   1814900	l
124   1818966	   1820428	l
125   1824674	   1828359	l
126   1829311	   1830112	l
127   1833076	   1836782	l
128   1837182	   1837332	p
129   1840347	   1841478	p
130   1841578	   1841598	p
131   1846746	   1850561	p
132   1851262	   1856320	l
133   1863870	   1864942	p
134   1868097	   1884981	p
135   1895506	   1899562	l
136   1908374	   1910788	p
137   1918519	   1919080	p

u1

1   11767	   15513	l
2   19098	   21822	l
3   31085	   35601	p
4   38415	   41560	l
5   43503	   47398	l
6   58915	   59766	l
7   61368	   62550	l
8   70391	   73977	l
9   84121	   85463	p
10   87146	   87676	l
11   89509	   91692	k
12   92423	   93585	l
13   93995	   94746	l
14   95878	   97110	l
15   98872	   103289	l
16   140863	   146901	p
17   148504	   148994	p
18   149215	   153211	l
19   159069	   164967	l
20   183154	   188531	k
21   192056	   193228	l
22   194230	   197745	l
23   204094	   206738	l
24   207769	   208590	l
25   210803	   220808	l
26   225645	   227077	p
27   229060	   230291	p
28   231914	   237171	p
29   247366	   251682	l
30   276237	   277049	l
31   282326	   286612	l
32   293592	   305129	l
33   307152	   313892	p
34   327491	   331397	l
35   337496	   345056	l
36   345777	   347189	p
37   349313	   351065	l
38   356883	   358676	k
39   359407	   361640	k
40   362702	   363363	l
41   363793	   366607	l
42   371114	   375019	l
43   378685	   384193	k
44   386095	   403360	k
45   412453	   413214	k
46   434645	   438331	l
47   457809	   460342	l
48   490395	   496003	l
49   504215	   511325	p
50   513699	   515562	p
51   517574	   520899	l
52   551023	   553837	l
53   565543	   569569	l
54   588296	   592833	l
55   605851	   606793	l
56   607514	   612791	l
57   722229	   722920	l
58   727987	   746323	k
59   751271	   754295	p
60   833619	   835321	l
61   842582	   843954	l
62   862080	   866666	l
63   874688	   879885	l
64   880937	   883791	l
65   885093	   885534	l
66   887046	   887486	l
67   918010	   924429	p
68   925501	   930118	p
69   946712	   952760	l
70   967812	   967912	l
71   970115	   977396	l
72   1014259	   1014839	l
73   1039104	   1041588	l
74   1070109	   1075427	l
75   1076618	   1076688	l
76   1077680	   1078771	l
77   1080434	   1086943	l
78   1106071	   1143975	k
79   1159548	   1162772	l
80   1235076	   1241956	l
81   1275154	   1280421	l
82   1301251	   1304857	l
83   1310515	   1324385	l
84   1326688	   1327860	p
85   1329272	   1329973	p
86   1338024	   1339196	l
87   1340277	   1342431	l
88   1361178	   1363541	l
89   1398561	   1404630	l
90   1468562	   1470164	l
91   1471466	   1471857	l
92   1473008	   1473589	l
93   1475802	   1477495	l
94   1479297	   1483574	l
95   1508089	   1511694	l
96   1515930	   1520627	p
97   1547686	   1556118	l
98   1579101	   1586471	l
99   1591689	   1592690	l
100   1600582	   1601143	l
101   1608703	   1613981	l
102   1615864	   1616555	l
103   1620741	   1631266	p
104   1632187	   1633139	p
105   1658255	   1667618	l
106   1681598	   1684032	k
107   1724961	   1727484	k
108   1728185	   1860716	k
109   1916256	   1920011	l

U2

1   6450	   9294	l
2   11567	   13380	l
3   19278	   20420	l
4   26829	   29973	p
5   32457	   33058	p
6   35551	   37034	l
7   40218	   41360	l
8   42652	   45416	l
9   68459	   71082	l
10   85113	   86895	p
11   88077	   90130	l
12   92583	   94616	l
13   103309	   105452	l
14   114154	   115196	l
15   116137	   116448	p
16   131589	   132741	l
17   140843	   141223	l
18   145650	   147102	l
19   148594	   149095	p
20   150176	   152149	p
21   165668	   177536	k
22   193849	   195521	l
23   209461	   213407	p
24   213998	   216912	l
25   241618	   245463	l
26   256920	   257911	p
27   269808	   270429	p
28   275987	   280784	l
29   304839	   309786	l
30   321793	   324978	l
31   328212	   331507	p
32   333269	   334241	p
33   334321	   334371	p
34   335943	   339228	p
35   346869	   347220	l
36   370283	   376482	k
37   377453	   382781	k
38   405764	   409369	l
39   414406	   415688	l
40   430700	   435807	l
41   438200	   439903	l
42   453853	   460362	p
43   473922	   478208	l
44   493500	   502303	p
45   506759	   509072	l
46   510675	   512647	l
47   534499	   539746	l
48   558283	   561127	l
49   565313	   566465	l
50   578732	   580295	l
51   595126	   595877	p
52   713306	   714027	p
53   715599	   717993	p
54   720807	   723541	l
55   778460	   781234	l
56   798549	   799700	l
57   844945	   845556	p
58   880536	   937178	k
59   965709	   967832	l
60   974451	   976224	p
61   985948	   988111	l
62   989924	   991536	l
63   996153	   1006437	l
64   1007799	   1008420	p
65   1011805	   1012566	p
66   1019296	   1023752	l
67   1074425	   1081025	l
68   1086903	   1087784	l
69   1088385	   1090598	l
70   1091800	   1092501	l
71   1096016	   1096487	l
72   1098490	   1102325	l
73   1109255	   1110828	l
74   1117327	   1120411	l
75   1396789	   1400875	p
76   1418720	   1420984	l
77   1422245	   1429055	p
78   1497233	   1503112	l
79   1518183	   1525083	l
80   1539464	   1548717	p
81   1568696	   1571871	l
82   1587032	   1591629	l
83   1595885	   1600462	l
84   1602164	   1603887	p
85   1604427	   1607772	l
86   1693085	   1698112	l
87   1798456	   1802903	l
88   1837072	   1839926	l
89   1848789	   1850701	l
90   1854537	   1859744	l

U3

1   18967	   20500	l
2   38165	   41760	l
3   45375	   46898	l
4   57944	   65554	p
5   87726	   89329	l
6   92143	   95387	p
7   113864	   120564	k
8   125090	   128425	p
9   139341	   141474	l
10   163976	   165148	p
11   175703	   178206	l
12   178917	   181251	l
13   187991	   189873	p
14   192056	   200609	p
15   201520	   202361	p
16   204725	   206697	l
17   233496	   235138	p
18   241347	   241688	p
19   255748	   256449	p
20   280303	   286262	p
21   308854	   309535	l
22   312259	   313872	p
23   320701	   323545	p
24   325939	   327832	l
25   343534	   344556	p
26   349653	   351566	l
27   359397	   359948	l
28   373107	   373978	p
29   395759	   397221	p
30   408107	   409739	l
31   412914	   414967	l
32   428036	   428156	p
33   457949	   460973	p
34   496845	   503384	p
35   504075	   505207	l
36   515862	   517384	p
37   543602	   545264	l
38   565563	   566385	p
39   581406	   584130	p
40   586804	   588917	l
41   599522	   602567	l
42   617037	   618800	l
43   630206	   634903	p
44   636616	   638168	l
45   645148	   648883	l
46   665828	   676082	p
47   686417	   687188	p
48   696782	   700147	l
49   703982	   705244	l
50   746524	   748807	l
51   763468	   764800	p
52   766322	   771740	p
53   780753	   782195	l
54   787723	   790978	l
55   797978	   818938	p
56   830715	   844815	p
57   845266	   847018	l
58   864553	   868189	l
59   876711	   879976	l
60   881067	   881908	p
61   884512	   887096	p
62   901496	   902608	l
63   921115	   933823	p
64   963375	   964587	l
65   980891	   983835	k
66   988532	   992027	k
67   1003283	   1005646	l
68   1023302	   1026747	l
69   1029190	   1030752	p
70   1031864	   1040186	p
71   1040987	   1055428	p
72   1058442	   1062578	p
73   1066213	   1068717	l
74   1076448	   1078501	l
75   1115965	   1117016	p
76   1140210	   1142613	l
77   1150054	   1150805	p
78   1204933	   1205764	p
79   1220485	   1242006	k
80   1243368	   1244219	l
81   1251680	   1254574	k
82   1256116	   1257909	k
83   1279901	   1281934	l
84   1287822	   1290366	l
85   1291527	   1295663	l
86   1296895	   1298587	l
87   1298928	   1303655	p
88   1323333	   1324625	p
89   1325737	   1331305	k
90   1362920	   1364452	p
91   1366756	   1375778	p
92   1383960	   1385873	l
93   1458307	   1459028	p
94   1459769	   1460881	p
95   1466038	   1467220	l
96   1537992	   1539294	p
97   1628302	   1629363	p
98   1631967	   1646678	p
99   1660268	   1663011	l
100   1667788	   1669721	l
101   1680507	   1682930	l
102   1683421	   1683932	p
103   1684583	   1685113	p
104   1686746	   1687316	l
105   1691502	   1693946	l
106   1704101	   1710189	l
107   1719032	   1724560	p
108   1733162	   1733954	k
109   1736347	   1754333	p
110   1755194	   1759660	p
111   1761563	   1776334	p
112   1777005	   1787420	p
113   1810764	   1823152	p
114   1823642	   1836080	p
115   1842019	   1847947	l
116   1849169	   1850331	l
117   1851172	   1851553	l
118   1852234	   1852895	l
119   1854757	   1855729	l
120   1856680	   1857972	l
121   1859063	   1860245	l
122   1862849	   1865322	l

U4

1   3565	   4156	l
2   5788	   7641	l
3   13620	   15122	p
4   22092	   24315	l
5   27600	   30394	l
6   38455	   40218	l
7   42962	   44534	l
8   46807	   48660	l
9   56982	   58584	l
10   59776	   64242	p
11   65805	   68429	l
12   77802	   79935	l
13   82759	   86384	l
14   99804	   102307	p
15   105752	   106303	l
16   108106	   110118	l
17   112352	   114925	l
18   122076	   122586	p
19   122987	   123418	l
20   127373	   128785	l
21   133432	   133782	l
22   136927	   140052	l
23   140162	   140252	l
24   145429	   149385	k
25   157547	   160761	l
26   166490	   174441	p
27   178987	   181451	k
28   193719	   196032	k
29   199397	   202591	l
30   203713	   206948	l
31   207068	   207098	l
32   215160	   217984	p
33   235118	   236540	l
34   240135	   242359	l
35   243170	   250871	k
36   251291	   257500	l
37   265272	   266373	l
38   277639	   280574	p
39   281265	   282406	l
40   290227	   292240	l
41   307532	   310937	l
42   335252	   336654	l
43   337255	   341311	p
44   349152	   350164	l
45   350825	   351776	l
46   353008	   356062	l
47   357594	   360288	l
48   367448	   368620	l
49   371795	   373147	l
50   374238	   376962	l
51   377503	   390862	p
52   392615	   393556	l
53   405683	   407216	l
54   415888	   420074	l
55   424330	   425071	l
56   427425	   429458	l
57   432762	   436047	l
58   438070	   439172	k
59   445591	   450999	l
60   453462	   456416	l
61   458499	   463036	l
62   469746	   471488	l
63   490505	   491146	l
64   508591	   521550	p
65   526467	   529491	l
66   530773	   532576	l
67   559545	   564602	l
68   578762	   597299	k
69   598060	   600714	l
70   608145	   610167	k
71   613813	   614704	l
72   633000	   639219	p
73   645949	   648392	l
74   662923	   664956	l
75   666849	   669112	l
76   1136354	   1137025	p
77   1301882	   1302373	p
78   1318296	   1345655	p
79   1372363	   1374867	l
80   1402307	   1406432	k
81   1411069	   1442054	k
82   1443376	   1459789	k
83   1461271	   1498154	k
84   1501299	   1535418	k
85   1537411	   1546454	k
86   1558171	   1558701	k
87   1571450	   1576858	k
88   1592710	   1605318	k
89   1676611	   1683921	p
90   1691062	   1692213	l
91   1834788	   1847196	k
92   1849209	   1919460	k

rat# u9

1   4376	   6840	l
2   30494	   32927	l
3   54939	   56762	l
4   66906	   69570	l
5   76520	   77532	l
6   89128	   93665	l
7   99303	   101536	l
8   108847	   110559	l
9   113003	   117900	k
10   135064	   136937	l
11   239214	   243090	l
12   251672	   253204	l
13   272342	   286592	k
14   346478	   348281	l
15   375570	   379255	l
16   385895	   387768	l
17   399074	   402208	l
18   407326	   410751	p
19   420485	   423139	l
20   456126	   459220	l
21   483896	   487231	l
22   507570	   521830	k
23   523583	   525576	l
24   530333	   532786	k
25   544393	   547658	l
26   549270	   552555	l
27   553646	   555709	l
28   557432	   563581	p
29   567336	   567767	l
30   598441	   606813	p
31   609767	   610358	p
32   620933	   626030	l
33   648953	   652839	l
34   714327	   715098	k
35   716851	   721177	k
36   722840	   723440	l
37   728347	   733054	l
38   740355	   741546	l
39   746974	   750129	l
40   754625	   761986	p
41   764880	   767634	l
42   773623	   776937	l
43   790367	   793441	l
44   802664	   806850	l
45   808963	   812218	l
46   813680	   815723	l
47   817796	   825026	k
48   843413	   844494	l
49   845686	   849101	p
50   875429	   880546	k
51   883671	   884682	k
52   886615	   887016	l
53   898122	   898612	l
54   899323	   899924	l
55   902638	   903019	l
56   904411	   905823	l
57   907986	   909047	l
58   914685	   919823	k
59   924059	   938079	k
60   938910	   939521	l
61   941334	   943387	l
62   946010	   947703	l
63   948604	   949095	l
64   950357	   951659	l
65   965108	   966209	l
66   1000899	   1002051	l
67   1002612	   1003163	p
68   1008911	   1012726	k
69   1014809	   1029100	k
70   1034277	   1034818	k
71   1040476	   1041568	l
72   1046164	   1048818	l
73   1056870	   1058702	l
74   1062478	   1066053	l
75   1069077	   1070489	l
76   1073344	   1073694	p
77   1074275	   1080454	k
78   1089757	   1091379	l
79   1092331	   1094204	l
80   1104909	   1107062	l
81   1110297	   1126200	k
82   1129775	   1131287	l
83   1132358	   1132859	l
84   1133911	   1135713	l
85   1171425	   1171895	p
86   1174729	   1175160	l
87   1180688	   1186927	l
88   1188309	   1191293	l
89   1194077	   1198784	l
90   1216880	   1220755	l
91   1222067	   1224962	l
92   1229608	   1231341	k
93   1232282	   1233604	l
94   1251009	   1269576	l
95   1280722	   1281383	p
96   1293400	   1298037	l
97   1310525	   1312377	l
98   1314460	   1315862	l
99   1325947	   1329392	l
100   1334649	   1341549	l
101   1345064	   1360987	k
102   1362730	   1367837	k
103   1368788	   1372994	k
104   1374116	   1393183	k
105   1396048	   1396729	l
106   1397790	   1401015	k
107   1417609	   1418139	p
108   1421664	   1423697	l
109   1530731	   1550800	p
110   1566553	   1569527	l
111   1577158	   1590808	k
112   1597968	   1598739	l
113   1642692	   1655481	l
114   1711111	   1712833	k
115   1738911	   1768303	p
116   1776084	   1778978	p
117   1784917	   1788191	l
118   1795782	   1798026	l
119   1823722	   1826887	l
120   1879072	   1882237	l
121   1884510	   1884900	p

rat# u10

1   28141	   30584	l
2   31636	   36823	p
3   57393	   59446	l
4   90260	   95658	l
5   114475	   115527	l
6   451990	   456006	p
7   457268	   459832	l
8   531655	   533267	p
9   639690	   655403	k
10   658067	   664346	l
11   688571	   694980	p
12   736820	   742488	l
13   777278	   779211	l
14   807942	   810346	l
15   817626	   826319	p
16   828572	   831246	l
17   832968	   837044	p
18   877492	   881037	l
19   916528	   917890	l
20   925011	   925121	p
21   947383	   949446	l
22   982203	   984937	l
23   990395	   994941	p
24   995292	   996714	l
25   998116	   998426	p
26   1007689	   1011895	l
27   1018144	   1020568	l
28   1041598	   1045874	l
29   1046986	   1047427	p
30   1082918	   1083348	p
31   1123626	   1126901	l
32   1137176	   1139839	l
33   1146759	   1147531	l
34   1148652	   1149814	l
35   1150735	   1152488	l
36   1169342	   1180618	p
37   1183713	   1185265	l
38   1250959	   1252491	k
39   1253583	   1254925	l
40   1269746	   1270648	k
41   1285920	   1286731	k
42   1295363	   1297526	l
43   1303134	   1304266	l
44   1312958	   1313559	k
45   1316854	   1330273	p
46   1332817	   1341029	p
47   1354909	   1357182	l
48   1360357	   1362620	l
49   1365884	   1367367	l
50   1412281	   1414094	l
51   1481190	   1493528	p
52   1521388	   1523621	l
53   1539324	   1541567	l
54   1558722	   1572081	l
55   1590908	   1598970	p
56   1607081	   1652427	k
57   1655761	   1696240	k
58   1698122	   1698663	l
59   1699114	   1700976	k
60   1752671	   1752951	p
61   1766160	   1790004	p
62   1813428	   1817874	l
63   1822461	   1825545	l
64   1840527	   1841248	k
65   1870450	   1877100	l
66   1878091	   1878502	p
67   1880585	   1882417	l

rat# u11

1   6719	   7991	l
2   10214	   11146	l
3   19337	   20789	l
4   22372	   25867	p
5   27169	   29031	p
6   36202	   39637	l
7   43001	   44674	l
8   48680	   50352	l
9   59896	   61728	l
10   76209	   78633	p
11   83850	   84882	l
12   91431	   92633	l
13   127903	   128815	p
14   130607	   133862	p
15   165467	   166869	l
16   174571	   174941	p
17   327420	   329053	p
18   346568	   347840	l
19   393045	   404611	k
20   408687	   411902	p
21   426092	   428666	l
22   448234	   454113	l
23   470336	   475323	p
24   497785	   499928	l
25   595175	   600874	p
26   610968	   612590	p
27   618889	   623827	p
28   652197	   654781	l
29   666658	   668040	l
30   680218	   683653	l
31   713686	   744180	k
32   745081	   795624	k
33   808162	   860767	k
34   863251	   868068	k
35   934653	   935755	k
36   992366	   994399	k
37   1159527	   1160218	p
38   1162501	   1165295	l
39   1288022	   1336361	k
40   1341789	   1351483	k
41   1353686	   1420442	k
42   1423677	   1424979	k
43   1432049	   1433661	k
44   1600431	   1603535	k
45   1638105	   1642591	p
47   1669190	   1670812	p
48   1790634	   1791435	p
49   1829761	   1830732	p
50   1837171	   1838123	p

rat #u12

1   4687	   6079	l
2   10705	   12528	l
3   19478	   20359	p
4   28150	   30674	l
5   34339	   35952	l
6   38065	   38585	p
7   43332	   44874	l
8   52586	   53347	l
9   59355	   60747	l
10   64963	   68208	l
11   83760	   86494	l
12   91501	   94296	p
13   114394	   116568	l
14   132390	   133191	l
15   135695	   139170	l
16   153010	   153961	p
17   157506	   159009	l
18   175152	   177565	p
19   210703	   211324	l
20   215019	   217383	p
21   225284	   228669	l
22   231833	   232314	p
23   257420	   258261	l
24   293392	   297488	p
25   308373	   315904	k
26   371003	   372265	l
27   387397	   388899	p
28   394207	   395699	p
29   396680	   399314	l
30   484116	   485288	p
31   511746	   513428	l
32   741206	   742748	l
33   748526	   752262	l
34   771660	   778429	p
35   780572	   781524	k
36   785790	   789024	p
37   797837	   799560	l
38   800541	   805318	p
39   807791	   811577	p
40   827540	   828671	l
41   849371	   850803	l
42   868228	   869620	l
43   878874	   882940	l
44   886314	   888297	l
45   953791	   957747	l
46   957817	   958078	l
47   960341	   963726	l
48   966089	   966970	l
49   967902	   968653	l
50   976704	   980830	l
51   987029	   992177	l
52   995041	   999768	l
53   1000799	   1004675	p
54   1009281	   1011875	l
55   1026666	   1027698	k
56   1041578	   1045704	l
57   1064080	   1066774	l
58   1070659	   1103016	k
59   1103807	   1104478	l
60   1114042	   1116415	l
61   1117397	   1118608	p
62   1120802	   1123335	l
63   1132008	   1133199	l
64   1156433	   1163082	l
65   1164014	   1166768	l
66   1213655	   1219784	l
67   1227014	   1229217	l
68   1238511	   1244620	l
69   1248235	   1252681	l
70   1258029	   1288222	p
71   1299248	   1304756	p
72   1445959	   1448903	l
73   1504884	   1509270	p
74   1512264	   1517923	l
75   1571960	   1575736	l
76   1584228	   1584729	l
77   1601162	   1601893	l
78   1620410	   1622112	p
79   1623094	   1644004	p
80   1645927	   1646788	p
81   1650273	   1655140	l
82   1720744	   1721656	l
83   1745650	   1812486	k
84   1833146	   1834167	l
85   1836270	   1840727	l
86   1841718	   1845444	l
87   1860605	   1870840	l
88   1882697	   1891860	l
89   1892251	   1913812	p